0      	1      	0.03
0      	2      	0.04
0      	3      	0.05
0      	4      	0.07
0      	5      	0.01
0      	6      	0.13
0      	7      	0.14
0      	8      	0.15
0      	9      	0.12
0      	10     	0.08
0      	11     	0.05
0      	12     	0.04
1      	1      	0.15
1      	2      	0.12
1      	3      	0.09
1      	4      	0.06
1      	5      	0.04
1      	6      	0.03
1      	7      	0.04
1      	8      	0.05
1      	9      	0.07
1      	10     	0.09
1      	11     	0.12
1      	12     	0.14
